   0.00784   0.00000   0.99216
   0.02353   0.00000   0.97647
   0.03922   0.00000   0.96078
   0.05490   0.00000   0.94510
   0.07059   0.00000   0.92941
   0.08627   0.00000   0.91373
   0.10196   0.00000   0.89804
   0.11765   0.00000   0.88235
   0.13333   0.00000   0.86667
   0.14118   0.00000   0.85882
   0.16471   0.00000   0.83529
   0.17255   0.00000   0.82745
   0.19608   0.00000   0.80392
   0.20392   0.00000   0.79608
   0.22745   0.00000   0.77255
   0.23529   0.00000   0.76471
   0.25882   0.00000   0.74118
   0.27451   0.00000   0.72549
   0.28235   0.00000   0.71765
   0.30588   0.00000   0.69412
   0.32157   0.00000   0.67843
   0.33726   0.00000   0.66274
   0.34510   0.00000   0.65490
   0.36863   0.00000   0.63137
   0.38431   0.00000   0.61569
   0.40000   0.00000   0.60000
   0.40784   0.00000   0.59216
   0.43137   0.00000   0.56863
   0.44706   0.00000   0.55294
   0.46275   0.00000   0.53725
   0.47059   0.00000   0.52941
   0.49412   0.00000   0.50588
   0.50980   0.00000   0.49020
   0.52549   0.00000   0.47451
   0.54118   0.00000   0.45882
   0.55686   0.00000   0.44314
   0.57255   0.00000   0.42745
   0.58039   0.00000   0.41961
   0.60392   0.00000   0.39608
   0.61961   0.00000   0.38039
   0.63529   0.00000   0.36471
   0.65098   0.00000   0.34902
   0.66667   0.00000   0.33333
   0.68235   0.00000   0.31765
   0.69804   0.00000   0.30196
   0.70588   0.00000   0.29412
   0.72941   0.00000   0.27059
   0.74510   0.00000   0.25490
   0.76078   0.00000   0.23922
   0.77647   0.00000   0.22353
   0.79216   0.00000   0.20784
   0.80784   0.00000   0.19216
   0.82353   0.00000   0.17647
   0.83137   0.00000   0.16863
   0.85490   0.00000   0.14510
   0.87059   0.00000   0.12941
   0.88627   0.00000   0.11372
   0.90196   0.00000   0.09804
   0.91765   0.00000   0.08235
   0.93333   0.00000   0.06667
   0.94902   0.00000   0.05098
   0.95686   0.00000   0.04314
   0.98039   0.00000   0.01961
   0.99608   0.00000   0.00392
   0.98823   0.01177   0.00000
   0.97255   0.02745   0.00000
   0.95686   0.04314   0.00000
   0.94118   0.05882   0.00000
   0.92549   0.07451   0.00000
   0.90980   0.09020   0.00000
   0.89412   0.10588   0.00000
   0.87843   0.12157   0.00000
   0.86274   0.13725   0.00000
   0.84706   0.15294   0.00000
   0.83137   0.16863   0.00000
   0.82353   0.17647   0.00000
   0.80000   0.20000   0.00000
   0.78431   0.21569   0.00000
   0.76863   0.23137   0.00000
   0.75294   0.24706   0.00000
   0.73725   0.26274   0.00000
   0.72157   0.27843   0.00000
   0.70588   0.29412   0.00000
   0.69020   0.30980   0.00000
   0.67451   0.32549   0.00000
   0.65882   0.34118   0.00000
   0.64314   0.35686   0.00000
   0.62745   0.37255   0.00000
   0.61177   0.38824   0.00000
   0.59608   0.40392   0.00000
   0.58039   0.41961   0.00000
   0.57255   0.42745   0.00000
   0.54902   0.45098   0.00000
   0.53333   0.46667   0.00000
   0.51765   0.48235   0.00000
   0.50196   0.49804   0.00000
   0.48627   0.51372   0.00000
   0.47059   0.52941   0.00000
   0.45490   0.54510   0.00000
   0.43922   0.56078   0.00000
   0.42353   0.57647   0.00000
   0.40784   0.59216   0.00000
   0.39216   0.60784   0.00000
   0.37647   0.62353   0.00000
   0.36078   0.63922   0.00000
   0.34510   0.65490   0.00000
   0.32941   0.67059   0.00000
   0.32157   0.67843   0.00000
   0.29804   0.70196   0.00000
   0.28235   0.71765   0.00000
   0.26667   0.73333   0.00000
   0.25098   0.74902   0.00000
   0.23529   0.76471   0.00000
   0.21961   0.78039   0.00000
   0.20392   0.79608   0.00000
   0.18823   0.81177   0.00000
   0.17255   0.82745   0.00000
   0.15686   0.84314   0.00000
   0.14118   0.85882   0.00000
   0.12549   0.87451   0.00000
   0.10980   0.89020   0.00000
   0.09412   0.90588   0.00000
   0.07843   0.92157   0.00000
   0.07059   0.92941   0.00000
   0.04706   0.95294   0.00000
   0.03137   0.96863   0.00000
   0.01569   0.98431   0.00000
   0.00000   1.00000   0.00000
